3814544418644532
4165325953489924
4227545877280237
3928379120591607
4051938404895414
3488822911217244
3984078604961952
3633590350080069
2992712324187334
4331338743544165
3967998659946198
4337296592988258
4095441693845864
3939654496120155
3562450717191803
4229230047097896
3992369947513510
4425022817532531
4331720480174368
6317259671649857
3997459193670346
3566713533434537
4022001937837857
3904888026294414
5415931771812737
5358489767554639
4056275187821237
3769951206460452
3686794618116617
3341722985930723
3750400701754952
3369515113151879
6272148462802623
4286757834707931
5680263618681132
3785497798239178
2888913457900022
